3184
-6.0

-62
-32
-32
-9.5
-9.5
-9.5
-9.5
-9.0
-9.0
-9.0
-9.0
-8.5
-8.5
-8.5
-8.5
-8.0
-8.0
-8.0
-8.0
-7.5
-7.5
-7.5
-7.5
-7.0
-7.0
-7.0
-7.0
-6.5
-6.5
-6.5
-6.5
-6.0
-6.0
-6.0
-6.0
-6.0
-6.0
-6.0
-6.0
-6.0
-6.0
-6.0
-6.0
-6.0
-6.0
-6.0
-6.0
-6.0
-6.0
-6.0
-6.0
-6.0
-6.0
-6.0
-6.0
-6.0
-6.0
-6.0
-6.0
-6.0

5312
20.0

-53.0
-23.0
-23.0
-0.5
-0.5
-0.5
-0.5
1.0
1.0
1.0
1.0
2.5
2.5
2.5
2.5
4.0
4.0
4.0
4.0
5.5
5.5
5.5
5.5
19.0
19.0
19.0
19.0
19.0
19.0
19.0
19.0
20.0
20.0
20.0
20.0
20.0
20.0
20.0
20.0
20.0
20.0
20.0
20.0
20.0
20.0
20.0
20.0
20.0

